100
14
0 0 0 2 0 5 0 0 0 0 0 7 0 0
0 0 2 0 0 0 0 0 0 9 0 0 6 0
0 2 0 0 0 0 0 0 0 8 0 0 9 0
2 0 0 0 0 2 0 0 0 0 0 9 0 0
0 0 0 0 0 0 2 9 5 0 5 0 0 8
5 0 0 2 0 0 0 0 0 0 0 10 0 0
0 0 0 0 2 0 0 8 1 0 5 0 0 2
0 0 0 0 9 0 8 0 6 0 1 0 0 5
0 0 0 0 5 0 1 6 0 0 5 0 0 5
0 9 8 0 0 0 0 0 0 0 0 0 8 0
0 0 0 0 5 0 5 1 5 0 0 0 0 8
7 0 0 9 0 10 0 0 0 0 0 0 0 0
0 6 9 0 0 0 0 0 0 8 0 0 0 0
0 0 0 0 8 0 2 5 5 0 8 0 0 0
13
0 618 479 302 660 167 916 37 143 544 275 587 249
618 0 234 672 662 78 999 893 585 490 646 354 502
479 234 0 651 422 195 626 647 92 949 478 61 779
302 672 651 0 780 73 946 695 109 440 590 735 26
660 662 422 780 0 838 968 49 851 398 47 95 334
167 78 195 73 838 0 537 741 687 390 391 108 584
916 999 626 946 968 537 0 368 754 27 668 232 88
37 893 647 695 49 741 368 0 446 11 512 743 57
143 585 92 109 851 687 754 446 0 972 182 646 707
544 490 949 440 398 390 27 11 972 0 560 835 26
275 646 478 590 47 391 668 512 182 560 0 608 38
587 354 61 735 95 108 232 743 646 835 608 0 423
249 502 779 26 334 584 88 57 707 26 38 423 0
13
0 0 13 5 5 10 7 18 16 17 2 0 9
0 0 15 0 0 12 5 14 12 0 0 15 2
13 15 0 12 1 0 10 3 5 13 4 19 7
5 0 12 0 13 14 11 0 0 19 3 17 8
5 0 1 13 0 9 0 1 20 17 16 1 5
10 12 0 14 9 0 7 0 0 5 20 0 10
7 5 10 11 0 7 0 2 9 11 8 17 19
18 14 3 0 1 0 2 0 11 4 17 0 14
16 12 5 0 20 0 9 11 0 5 0 9 1
17 0 13 19 17 5 11 4 5 0 15 16 9
2 0 4 3 16 20 8 17 0 15 0 17 0
0 15 19 17 1 0 17 0 9 16 17 0 0
9 2 7 8 5 10 19 14 1 9 0 0 0
12
0 0 0 0 0 0 0 0 0 0 0 3
0 0 0 0 0 0 0 0 0 0 0 0
0 0 0 7 0 0 0 0 2 0 0 0
0 0 7 0 0 0 0 0 2 0 0 0
0 0 0 0 0 0 0 0 0 0 0 0
0 0 0 0 0 0 0 0 0 0 0 0
0 0 0 0 0 0 0 0 0 0 0 0
0 0 0 0 0 0 0 0 0 0 0 0
0 0 2 2 0 0 0 0 0 0 0 0
0 0 0 0 0 0 0 0 0 0 5 0
0 0 0 0 0 0 0 0 0 5 0 0
3 0 0 0 0 0 0 0 0 0 0 0
10
0 8 5 2 3 0 0 14 10 16
8 0 0 7 0 0 0 5 0 0
5 0 0 8 4 12 15 0 4 3
2 7 8 0 18 0 10 13 7 19
3 0 4 18 0 12 0 19 7 5
0 0 12 0 12 0 12 8 12 14
0 0 15 10 0 12 0 13 9 20
14 5 0 13 19 8 13 0 19 0
10 0 4 7 7 12 9 19 0 5
16 0 3 19 5 14 20 0 5 0
14
0 1 20 11 0 5 19 11 18 0 19 0 9 20
1 0 13 9 0 0 9 16 15 0 6 12 1 11
20 13 0 18 8 9 0 6 16 10 20 7 0 19
11 9 18 0 6 0 2 4 0 10 10 7 10 0
0 0 8 6 0 0 13 11 4 11 13 1 4 19
5 0 9 0 0 0 5 20 6 15 0 16 1 0
19 9 0 2 13 5 0 0 11 20 0 1 0 2
11 16 6 4 11 20 0 0 16 2 4 8 3 2
18 15 16 0 4 6 11 16 0 9 11 0 16 14
0 0 10 10 11 15 20 2 9 0 0 20 0 11
19 6 20 10 13 0 0 4 11 0 0 20 0 13
0 12 7 7 1 16 1 8 0 20 20 0 11 0
9 1 0 10 4 1 0 3 16 0 0 11 0 0
20 11 19 0 19 0 2 2 14 11 13 0 0 0
13
0 0 0 0 0 0 0 0 0 0 0 0 2
0 0 0 0 0 0 0 0 0 0 0 0 0
0 0 0 0 0 0 0 0 0 0 0 0 0
0 0 0 0 0 0 0 0 0 0 0 0 0
0 0 0 0 0 0 0 0 0 0 0 0 0
0 0 0 0 0 0 0 0 0 0 0 0 0
0 0 0 0 0 0 0 0 0 0 0 0 0
0 0 0 0 0 0 0 0 0 0 0 0 0
0 0 0 0 0 0 0 0 0 0 0 0 0
0 0 0 0 0 0 0 0 0 0 0 0 0
0 0 0 0 0 0 0 0 0 0 0 0 0
0 0 0 0 0 0 0 0 0 0 0 0 0
2 0 0 0 0 0 0 0 0 0 0 0 0
13
0 1 2 3 4 5 6 7 8 9 10 11 12
1 0 13 14 15 16 17 18 19 20 21 22 23
2 13 0 24 25 26 27 28 29 30 31 32 33
3 14 24 0 34 35 36 37 38 39 40 41 42
4 15 25 34 0 43 44 45 46 47 48 49 50
5 16 26 35 43 0 51 52 53 54 55 56 57
6 17 27 36 44 51 0 58 59 60 61 62 63
7 18 28 37 45 52 58 0 64 65 66 67 68
8 19 29 38 46 53 59 64 0 69 70 71 72
9 20 30 39 47 54 60 65 69 0 73 74 75
10 21 31 40 48 55 61 66 70 73 0 76 77
11 22 32 41 49 56 62 67 71 74 76 0 78
12 23 33 42 50 57 63 68 72 75 77 78 0
14
0 6 0 15 17 5 3 0 16 12 20 18 7 14
6 0 17 0 0 0 0 0 11 0 0 18 0 0
0 17 0 20 7 15 9 1 20 8 10 0 0 0
15 0 20 0 9 1 4 6 11 0 12 20 0 7
17 0 7 9 0 14 14 1 11 12 20 2 0 5
5 0 15 1 14 0 14 8 3 8 2 3 16 0
3 0 9 4 14 14 0 0 0 20 6 18 10 3
0 0 1 6 1 8 0 0 10 0 17 8 0 12
16 11 20 11 11 3 0 10 0 9 0 7 10 0
12 0 8 0 12 8 20 0 9 0 12 0 0 8
20 0 10 12 20 2 6 17 0 12 0 0 14 5
18 18 0 20 2 3 18 8 7 0 0 0 19 18
7 0 0 0 0 16 10 0 10 0 14 19 0 0
14 0 0 7 5 0 3 12 0 8 5 18 0 0
8
0 883 639 0 0 0 511 0
883 0 744 903 23 139 137 0
639 744 0 0 891 0 463 0
0 903 0 0 982 881 842 617
0 23 891 982 0 43 0 127
0 139 0 881 43 0 0 273
511 137 463 842 0 0 0 476
0 0 0 617 127 273 476 0
9
0 7 3 5 7 11 6 17 17
7 0 15 0 19 6 2 5 16
3 15 0 3 0 16 12 11 2
5 0 3 0 6 8 16 17 15
7 19 0 6 0 13 18 2 0
11 6 16 8 13 0 5 3 4
6 2 12 16 18 5 0 13 11
17 5 11 17 2 3 13 0 2
17 16 2 15 0 4 11 2 0
9
0 0 7 0 0 9 1 13 0
0 0 7 9 11 0 0 17 3
7 7 0 4 11 9 18 3 10
0 9 4 0 5 13 19 4 4
0 11 11 5 0 15 0 4 6
9 0 9 13 15 0 5 19 11
1 0 18 19 0 5 0 0 10
13 17 3 4 4 19 0 0 19
0 3 10 4 6 11 10 19 0
12
0 8 0 0 0 12 0 7 18 10 5 0
8 0 12 16 17 0 16 15 10 11 4 3
0 12 0 0 15 19 9 6 0 18 2 20
0 16 0 0 7 0 2 0 16 18 4 18
0 17 15 7 0 7 5 3 6 6 8 1
12 0 19 0 7 0 6 19 11 12 16 8
0 16 9 2 5 6 0 16 17 12 13 3
7 15 6 0 3 19 16 0 17 4 15 12
18 10 0 16 6 11 17 17 0 0 0 19
10 11 18 18 6 12 12 4 0 0 12 17
5 4 2 4 8 16 13 15 0 12 0 1
0 3 20 18 1 8 3 12 19 17 1 0
15
0 0 0 1 0 0 7 0 0 2 0 0 9 0 0
0 0 0 0 2 0 0 5 0 0 3 0 0 9 0
0 0 0 0 0 4 0 0 9 0 0 9 0 0 8
1 0 0 0 0 0 6 0 0 5 0 0 10 0 0
0 2 0 0 0 0 0 9 0 0 6 0 0 4 0
0 0 4 0 0 0 0 0 1 0 0 4 0 0 2
7 0 0 6 0 0 0 0 0 10 0 0 5 0 0
0 5 0 0 9 0 0 0 0 0 3 0 0 10 0
0 0 9 0 0 1 0 0 0 0 0 7 0 0 7
2 0 0 5 0 0 10 0 0 0 0 0 5 0 0
0 3 0 0 6 0 0 3 0 0 0 0 0 7 0
0 0 9 0 0 4 0 0 7 0 0 0 0 0 7
9 0 0 10 0 0 5 0 0 5 0 0 0 0 0
0 9 0 0 4 0 0 10 0 0 7 0 0 0 0
0 0 8 0 0 2 0 0 7 0 0 7 0 0 0
11
0 0 300 481 0 191 681 0 38 0 0
0 0 583 155 219 208 909 0 395 222 824
300 583 0 59 390 526 163 936 676 531 0
481 155 59 0 9 636 721 554 516 0 0
0 219 390 9 0 0 0 675 775 647 764
191 208 526 636 0 0 708 283 683 517 0
681 909 163 721 0 708 0 917 660 63 872
0 0 936 554 675 283 917 0 572 820 899
38 395 676 516 775 683 660 572 0 0 684
0 222 531 0 647 517 63 820 0 0 86
0 824 0 0 764 0 872 899 684 86 0
11
0 0 5 7 2 4 10 1 0 15 0
0 0 15 6 6 0 8 2 10 7 0
5 15 0 20 0 17 0 0 8 5 19
7 6 20 0 8 8 5 8 2 0 0
2 6 0 8 0 13 19 9 15 7 11
4 0 17 8 13 0 1 8 17 7 18
10 8 0 5 19 1 0 0 16 6 8
1 2 0 8 9 8 0 0 7 0 17
0 10 8 2 15 17 16 7 0 3 0
15 7 5 0 7 7 6 0 3 0 2
0 0 19 0 11 18 8 17 0 2 0
15
0 10 13 0 10 11 8 2 12 4 17 7 9 18 2
10 0 18 7 11 0 11 0 7 4 14 0 13 10 19
13 18 0 0 20 6 0 8 3 7 5 18 13 3 9
0 7 0 0 0 5 11 13 12 0 13 0 1 18 1
10 11 20 0 0 1 0 3 18 16 0 0 0 20 17
11 0 6 5 1 0 0 19 13 3 10 17 0 2 8
8 11 0 11 0 0 0 9 5 0 8 6 20 18 14
2 0 8 13 3 19 9 0 14 7 9 0 0 1 3
12 7 3 12 18 13 5 14 0 12 3 0 12 0 1
4 4 7 0 16 3 0 7 12 0 2 8 0 14 16
17 14 5 13 0 10 8 9 3 2 0 0 18 6 4
7 0 18 0 0 17 6 0 0 8 0 0 10 3 0
9 13 13 1 0 0 20 0 12 0 18 10 0 0 15
18 10 3 18 20 2 18 1 0 14 6 3 0 0 14
2 19 9 1 17 8 14 3 1 16 4 0 15 14 0
10
0 321 0 0 0 723 0 0 580 0
321 0 0 689 271 231 0 684 786 0
0 0 0 409 138 919 512 881 984 612
0 689 409 0 0 607 0 982 932 986
0 271 138 0 0 397 618 580 0 37
723 231 919 607 397 0 280 917 806 0
0 0 512 0 618 280 0 269 222 219
0 684 881 982 580 917 269 0 455 801
580 786 984 932 0 806 222 455 0 618
0 0 612 986 37 0 219 801 618 0
15
0 187 0 0 539 933 508 719 0 707 855 493 545 725 500
187 0 0 112 526 252 77 0 629 922 143 0 511 267 221
0 0 0 0 325 0 158 840 577 0 585 0 353 263 609
0 112 0 0 48 548 474 477 0 0 818 0 625 100 271
539 526 325 48 0 627 600 569 178 0 1 891 710 0 0
933 252 0 548 627 0 0 255 697 633 909 831 890 866 644
508 77 158 474 600 0 0 340 620 925 165 229 462 358 140
719 0 840 477 569 255 340 0 800 843 984 391 637 948 90
0 629 577 0 178 697 620 800 0 0 0 0 0 890 330
707 922 0 0 0 633 925 843 0 0 410 0 299 0 423
855 143 585 818 1 909 165 984 0 410 0 0 237 93 85
493 0 0 0 891 831 229 391 0 0 0 0 478 963 555
545 511 353 625 710 890 462 637 0 299 237 478 0 0 366
725 267 263 100 0 866 358 948 890 0 93 963 0 0 243
500 221 609 271 0 644 140 90 330 423 85 555 366 243 0
7
0 17 5 0 15 13 9
17 0 6 5 0 15 0
5 6 0 6 11 9 6
0 5 6 0 9 8 20
15 0 11 9 0 10 18
13 15 9 8 10 0 20
9 0 6 20 18 20 0
14
0 668 668 668 668 668 668 668 668 668 668 668 668 668
668 0 668 668 668 668 668 668 668 668 668 668 668 668
668 668 0 668 668 668 668 668 668 668 668 668 668 668
668 668 668 0 668 668 668 668 668 668 668 668 668 668
668 668 668 668 0 668 668 668 668 668 668 668 668 668
668 668 668 668 668 0 668 668 668 668 668 668 668 668
668 668 668 668 668 668 0 668 668 668 668 668 668 668
668 668 668 668 668 668 668 0 668 668 668 668 668 668
668 668 668 668 668 668 668 668 0 668 668 668 668 668
668 668 668 668 668 668 668 668 668 0 668 668 668 668
668 668 668 668 668 668 668 668 668 668 0 668 668 668
668 668 668 668 668 668 668 668 668 668 668 0 668 668
668 668 668 668 668 668 668 668 668 668 668 668 0 668
668 668 668 668 668 668 668 668 668 668 668 668 668 0
11
0 47 47 47 47 47 47 47 47 47 47
47 0 47 47 47 47 47 47 47 47 47
47 47 0 47 47 47 47 47 47 47 47
47 47 47 0 47 47 47 47 47 47 47
47 47 47 47 0 47 47 47 47 47 47
47 47 47 47 47 0 47 47 47 47 47
47 47 47 47 47 47 0 47 47 47 47
47 47 47 47 47 47 47 0 47 47 47
47 47 47 47 47 47 47 47 0 47 47
47 47 47 47 47 47 47 47 47 0 47
47 47 47 47 47 47 47 47 47 47 0
11
0 575 836 417 771 309 466 651 437 407 235
575 0 153 383 968 469 554 297 439 891 402
836 153 0 414 804 844 875 615 933 563 449
417 383 414 0 323 907 63 261 833 898 30
771 968 804 323 0 955 559 495 957 347 901
309 469 844 907 955 0 192 499 635 511 319
466 554 875 63 559 192 0 189 807 110 431
651 297 615 261 495 499 189 0 561 523 235
437 439 933 833 957 635 807 561 0 756 749
407 891 563 898 347 511 110 523 756 0 849
235 402 449 30 901 319 431 235 749 849 0
11
0 0 18 4 0 8 0 10 16 7 19
0 0 3 16 18 3 17 1 15 3 17
18 3 0 6 8 0 1 12 6 0 0
4 16 6 0 16 14 3 16 17 13 0
0 18 8 16 0 1 5 7 9 3 0
8 3 0 14 1 0 1 9 19 13 13
0 17 1 3 5 1 0 2 18 1 13
10 1 12 16 7 9 2 0 0 11 0
16 15 6 17 9 19 18 0 0 14 16
7 3 0 13 3 13 1 11 14 0 11
19 17 0 0 0 13 13 0 16 11 0
12
0 0 503 701 427 585 165 229 0 149 422 0
0 0 892 710 741 668 126 627 100 802 650 683
503 892 0 2 0 0 0 226 0 581 687 129
701 710 2 0 436 380 586 740 709 477 556 6
427 741 0 436 0 866 48 80 708 0 0 314
585 668 0 380 866 0 0 444 0 0 119 642
165 126 0 586 48 0 0 0 72 600 187 679
229 627 226 740 80 444 0 0 273 834 379 442
0 100 0 709 708 0 72 273 0 733 792 0
149 802 581 477 0 0 600 834 733 0 0 205
422 650 687 556 0 119 187 379 792 0 0 300
0 683 129 6 314 642 679 442 0 205 300 0
10
0 8 1 5 2 19 9 2 10 8
8 0 0 10 8 0 6 10 11 17
1 0 0 0 0 16 0 3 12 15
5 10 0 0 0 8 16 6 19 0
2 8 0 0 0 13 0 0 14 0
19 0 16 8 13 0 17 17 0 3
9 6 0 16 0 17 0 7 4 3
2 10 3 6 0 17 7 0 1 12
10 11 12 19 14 0 4 1 0 11
8 17 15 0 0 3 3 12 11 0
14
0 11 0 20 1 3 13 1 16 13 5 12 0 13
11 0 3 20 17 6 0 18 4 0 0 3 12 16
0 3 0 17 19 16 4 10 20 18 20 0 10 20
20 20 17 0 6 19 4 15 17 18 0 18 6 0
1 17 19 6 0 8 2 3 0 5 18 4 1 17
3 6 16 19 8 0 10 18 1 3 17 9 4 7
13 0 4 4 2 10 0 7 0 0 19 10 11 13
1 18 10 15 3 18 7 0 17 12 20 15 14 1
16 4 20 17 0 1 0 17 0 0 0 6 18 20
13 0 18 18 5 3 0 12 0 0 10 13 16 0
5 0 20 0 18 17 19 20 0 10 0 2 0 13
12 3 0 18 4 9 10 15 6 13 2 0 17 7
0 12 10 6 1 4 11 14 18 16 0 17 0 2
13 16 20 0 17 7 13 1 20 0 13 7 2 0
15
0 3 14 14 20 17 11 18 11 0 14 15 20 4 4
3 0 16 10 3 3 15 9 16 16 9 5 11 0 0
14 16 0 9 2 0 9 18 17 2 18 0 0 10 15
14 10 9 0 15 15 0 12 0 17 0 5 0 0 12
20 3 2 15 0 0 8 13 13 15 17 11 6 12 6
17 3 0 15 0 0 2 5 14 18 0 0 17 8 0
11 15 9 0 8 2 0 9 0 11 6 0 7 9 0
18 9 18 12 13 5 9 0 17 7 15 0 18 2 0
11 16 17 0 13 14 0 17 0 0 0 9 2 15 15
0 16 2 17 15 18 11 7 0 0 7 0 7 0 4
14 9 18 0 17 0 6 15 0 7 0 6 18 5 0
15 5 0 5 11 0 0 0 9 0 6 0 16 0 0
20 11 0 0 6 17 7 18 2 7 18 16 0 8 7
4 0 10 0 12 8 9 2 15 0 5 0 8 0 0
4 0 15 12 6 0 0 0 15 4 0 0 7 0 0
7
0 150 0 0 896 716 618
150 0 699 832 73 678 0
0 699 0 497 0 0 340
0 832 497 0 165 0 0
896 73 0 165 0 0 810
716 678 0 0 0 0 310
618 0 340 0 810 310 0
12
0 1 2 3 4 5 6 7 8 9 10 11
1 0 12 13 14 15 16 17 18 19 20 21
2 12 0 22 23 24 25 26 27 28 29 30
3 13 22 0 31 32 33 34 35 36 37 38
4 14 23 31 0 39 40 41 42 43 44 45
5 15 24 32 39 0 46 47 48 49 50 51
6 16 25 33 40 46 0 52 53 54 55 56
7 17 26 34 41 47 52 0 57 58 59 60
8 18 27 35 42 48 53 57 0 61 62 63
9 19 28 36 43 49 54 58 61 0 64 65
10 20 29 37 44 50 55 59 62 64 0 66
11 21 30 38 45 51 56 60 63 65 66 0
9
0 0 14 12 16 19 16 20 13
0 0 2 11 8 5 0 16 7
14 2 0 0 19 13 15 0 1
12 11 0 0 2 3 5 3 18
16 8 19 2 0 8 1 11 0
19 5 13 3 8 0 0 0 4
16 0 15 5 1 0 0 14 0
20 16 0 3 11 0 14 0 0
13 7 1 18 0 4 0 0 0
15
0 0 2 0 0 12 4 0 15 0 17 0 0 10 16
0 0 20 14 17 13 0 18 0 6 13 8 0 2 0
2 20 0 15 10 0 10 14 5 3 18 0 0 14 5
0 14 15 0 0 10 3 0 12 0 12 0 8 6 9
0 17 10 0 0 0 4 0 0 0 13 15 0 3 0
12 13 0 10 0 0 1 3 11 6 12 0 14 20 7
4 0 10 3 4 1 0 11 19 0 10 0 2 17 18
0 18 14 0 0 3 11 0 13 1 0 3 0 16 3
15 0 5 12 0 11 19 13 0 0 0 8 14 17 14
0 6 3 0 0 6 0 1 0 0 2 12 12 0 5
17 13 18 12 13 12 10 0 0 2 0 17 0 8 20
0 8 0 0 15 0 0 3 8 12 17 0 19 6 11
0 0 0 8 0 14 2 0 14 12 0 19 0 10 15
10 2 14 6 3 20 17 16 17 0 8 6 10 0 1
16 0 5 9 0 7 18 3 14 5 20 11 15 1 0
13
0 8 15 2 18 6 0 0 20 0 0 13 20
8 0 14 5 8 6 0 7 0 1 15 0 15
15 14 0 20 20 13 8 0 3 19 0 18 1
2 5 20 0 2 4 12 16 11 6 0 0 0
18 8 20 2 0 0 1 7 1 20 5 6 0
6 6 13 4 0 0 3 19 0 7 11 4 4
0 0 8 12 1 3 0 16 20 19 19 15 1
0 7 0 16 7 19 16 0 17 0 6 0 1
20 0 3 11 1 0 20 17 0 5 14 0 2
0 1 19 6 20 7 19 0 5 0 0 1 17
0 15 0 0 5 11 19 6 14 0 0 19 0
13 0 18 0 6 4 15 0 0 1 19 0 13
20 15 1 0 0 4 1 1 2 17 0 13 0
12
0 17 17 20 0 18 18 0 0 6 19 0
17 0 0 9 19 14 5 0 1 7 16 0
17 0 0 19 0 15 0 9 9 0 5 4
20 9 19 0 12 8 1 5 3 10 17 0
0 19 0 12 0 4 15 20 4 17 0 9
18 14 15 8 4 0 3 11 10 2 0 6
18 5 0 1 15 3 0 16 0 11 0 16
0 0 9 5 20 11 16 0 19 10 0 11
0 1 9 3 4 10 0 19 0 20 9 16
6 7 0 10 17 2 11 10 20 0 0 13
19 16 5 17 0 0 0 0 9 0 0 13
0 0 4 0 9 6 16 11 16 13 13 0
9
0 1 16 16 14 18 0 13 0
1 0 5 0 0 9 7 19 20
16 5 0 19 10 1 3 0 0
16 0 19 0 0 8 9 9 8
14 0 10 0 0 0 1 4 1
18 9 1 8 0 0 3 0 12
0 7 3 9 1 3 0 10 8
13 19 0 9 4 0 10 0 0
0 20 0 8 1 12 8 0 0
15
0 18 10 2 0 13 9 3 13 5 0 1 17 13 14
18 0 7 10 19 13 0 9 0 4 12 4 9 0 0
10 7 0 14 4 13 9 5 0 3 10 15 7 9 17
2 10 14 0 0 15 17 2 0 2 7 8 1 12 0
0 19 4 0 0 14 0 0 0 12 6 1 14 4 0
13 13 13 15 14 0 0 7 19 15 2 2 17 0 10
9 0 9 17 0 0 0 0 9 11 16 3 0 8 17
3 9 5 2 0 7 0 0 13 5 17 17 5 12 0
13 0 0 0 0 19 9 13 0 1 5 13 0 0 12
5 4 3 2 12 15 11 5 1 0 6 5 5 0 8
0 12 10 7 6 2 16 17 5 6 0 0 4 10 6
1 4 15 8 1 2 3 17 13 5 0 0 19 2 20
17 9 7 1 14 17 0 5 0 5 4 19 0 2 14
13 0 9 12 4 0 8 12 0 0 10 2 2 0 0
14 0 17 0 0 10 17 0 12 8 6 20 14 0 0
15
0 0 0 0 0 0 0 0 0 0 0 0 0 0 0
0 0 0 0 0 0 0 0 0 0 0 0 0 4 0
0 0 0 0 10 9 0 0 0 0 3 0 0 0 1
0 0 0 0 0 0 0 0 0 3 0 0 8 0 0
0 0 10 0 0 7 0 0 0 0 10 0 0 0 4
0 0 9 0 7 0 0 0 0 0 10 0 0 0 2
0 0 0 0 0 0 0 8 7 0 0 0 0 0 0
0 0 0 0 0 0 8 0 2 0 0 0 0 0 0
0 0 0 0 0 0 7 2 0 0 0 0 0 0 0
0 0 0 3 0 0 0 0 0 0 0 0 8 0 0
0 0 3 0 10 10 0 0 0 0 0 0 0 0 5
0 0 0 0 0 0 0 0 0 0 0 0 0 0 0
0 0 0 8 0 0 0 0 0 8 0 0 0 0 0
0 4 0 0 0 0 0 0 0 0 0 0 0 0 0
0 0 1 0 4 2 0 0 0 0 5 0 0 0 0
12
0 992 992 992 992 992 992 992 992 992 992 992
992 0 992 992 992 992 992 992 992 992 992 992
992 992 0 992 992 992 992 992 992 992 992 992
992 992 992 0 992 992 992 992 992 992 992 992
992 992 992 992 0 992 992 992 992 992 992 992
992 992 992 992 992 0 992 992 992 992 992 992
992 992 992 992 992 992 0 992 992 992 992 992
992 992 992 992 992 992 992 0 992 992 992 992
992 992 992 992 992 992 992 992 0 992 992 992
992 992 992 992 992 992 992 992 992 0 992 992
992 992 992 992 992 992 992 992 992 992 0 992
992 992 992 992 992 992 992 992 992 992 992 0
7
0 8 2 0 0 14 12
8 0 0 10 5 5 6
2 0 0 15 0 4 7
0 10 15 0 6 9 7
0 5 0 6 0 11 0
14 5 4 9 11 0 18
12 6 7 7 0 18 0
15
0 652 440 32 287 502 118 594 0 785 606 254 376 424 53
652 0 254 0 0 808 848 0 452 0 851 173 63 808 840
440 254 0 2 195 0 0 705 0 495 959 228 383 0 13
32 0 2 0 571 755 94 913 208 853 0 111 988 828 23
287 0 195 571 0 362 195 195 680 329 985 979 28 877 0
502 808 0 755 362 0 433 85 221 0 258 834 0 66 0
118 848 0 94 195 433 0 0 994 495 884 215 0 840 822
594 0 705 913 195 85 0 0 788 0 0 588 0 8 512
0 452 0 208 680 221 994 788 0 0 0 435 756 520 0
785 0 495 853 329 0 495 0 0 0 535 0 0 399 0
606 851 959 0 985 258 884 0 0 535 0 0 468 785 173
254 173 228 111 979 834 215 588 435 0 0 0 215 277 692
376 63 383 988 28 0 0 0 756 0 468 215 0 363 381
424 808 0 828 877 66 840 8 520 399 785 277 363 0 418
53 840 13 23 0 0 822 512 0 0 173 692 381 418 0
12
0 15 6 0 2 18 2 16 13 18 17 0
15 0 18 6 16 1 6 3 15 0 12 4
6 18 0 14 17 1 0 16 1 13 1 0
0 6 14 0 3 0 8 6 3 17 3 16
2 16 17 3 0 8 4 9 0 5 0 3
18 1 1 0 8 0 0 0 1 3 0 16
2 6 0 8 4 0 0 14 0 0 16 8
16 3 16 6 9 0 14 0 14 5 15 0
13 15 1 3 0 1 0 14 0 10 0 7
18 0 13 17 5 3 0 5 10 0 0 12
17 12 1 3 0 0 16 15 0 0 0 5
0 4 0 16 3 16 8 0 7 12 5 0
11
0 0 0 0 0 0 1 0 0 0 0
0 0 0 0 0 0 0 10 0 0 0
0 0 0 0 0 0 0 0 2 0 0
0 0 0 0 0 0 0 0 0 8 0
0 0 0 0 0 0 0 0 0 0 9
0 0 0 0 0 0 0 0 0 0 0
1 0 0 0 0 0 0 0 0 0 0
0 10 0 0 0 0 0 0 0 0 0
0 0 2 0 0 0 0 0 0 0 0
0 0 0 8 0 0 0 0 0 0 0
0 0 0 0 9 0 0 0 0 0 0
11
0 1 2 3 4 5 6 7 8 9 10
1 0 11 12 13 14 15 16 17 18 19
2 11 0 20 21 22 23 24 25 26 27
3 12 20 0 28 29 30 31 32 33 34
4 13 21 28 0 35 36 37 38 39 40
5 14 22 29 35 0 41 42 43 44 45
6 15 23 30 36 41 0 46 47 48 49
7 16 24 31 37 42 46 0 50 51 52
8 17 25 32 38 43 47 50 0 53 54
9 18 26 33 39 44 48 51 53 0 55
10 19 27 34 40 45 49 52 54 55 0
11
0 0 0 6 0 17 11 17 2 7 13
0 0 11 17 0 11 17 0 6 18 0
0 11 0 7 8 9 20 3 5 17 0
6 17 7 0 10 5 0 17 6 7 16
0 0 8 10 0 11 20 4 2 1 0
17 11 9 5 11 0 2 3 0 0 4
11 17 20 0 20 2 0 0 11 0 17
17 0 3 17 4 3 0 0 3 8 16
2 6 5 6 2 0 11 3 0 0 5
7 18 17 7 1 0 0 8 0 0 4
13 0 0 16 0 4 17 16 5 4 0
9
0 6 13 12 0 18 20 10 0
6 0 0 13 11 0 10 13 8
13 0 0 0 13 0 13 13 20
12 13 0 0 18 6 6 8 1
0 11 13 18 0 0 19 9 7
18 0 0 6 0 0 4 5 9
20 10 13 6 19 4 0 0 2
10 13 13 8 9 5 0 0 0
0 8 20 1 7 9 2 0 0
12
0 19 0 18 4 0 8 7 8 0 2 0
19 0 0 6 0 5 10 2 19 6 20 10
0 0 0 17 10 9 1 7 0 3 0 4
18 6 17 0 0 8 8 0 8 0 12 0
4 0 10 0 0 0 16 19 0 6 8 19
0 5 9 8 0 0 0 0 17 10 0 15
8 10 1 8 16 0 0 10 13 11 6 0
7 2 7 0 19 0 10 0 0 0 0 12
8 19 0 8 0 17 13 0 0 20 17 0
0 6 3 0 6 10 11 0 20 0 6 6
2 20 0 12 8 0 6 0 17 6 0 0
0 10 4 0 19 15 0 12 0 6 0 0
14
0 418 753 374 927 12 52 872 879 534 360 158 820 982
418 0 517 251 760 425 571 353 249 356 433 389 810 368
753 517 0 507 172 26 449 868 808 866 620 533 792 983
374 251 507 0 584 15 861 470 374 370 289 708 886 891
927 760 172 584 0 819 311 813 171 911 521 604 300 682
12 425 26 15 819 0 971 806 853 997 254 720 156 471
52 571 449 861 311 971 0 691 689 614 26 624 629 238
872 353 868 470 813 806 691 0 445 354 608 85 413 845
879 249 808 374 171 853 689 445 0 976 232 507 140 402
534 356 866 370 911 997 614 354 976 0 418 660 5 69
360 433 620 289 521 254 26 608 232 418 0 694 976 874
158 389 533 708 604 720 624 85 507 660 694 0 898 972
820 810 792 886 300 156 629 413 140 5 976 898 0 480
982 368 983 891 682 471 238 845 402 69 874 972 480 0
14
0 0 11 20 15 2 0 7 1 8 0 15 0 4
0 0 0 0 16 1 0 6 2 7 0 2 0 17
11 0 0 6 12 3 11 11 7 13 4 0 0 19
20 0 6 0 0 8 3 2 18 0 2 15 0 7
15 16 12 0 0 14 0 0 9 9 0 0 14 16
2 1 3 8 14 0 0 0 5 1 10 19 6 18
0 0 11 3 0 0 0 13 0 0 4 1 4 3
7 6 11 2 0 0 13 0 12 0 15 3 13 17
1 2 7 18 9 5 0 12 0 11 0 13 12 3
8 7 13 0 9 1 0 0 11 0 4 17 3 1
0 0 4 2 0 10 4 15 0 4 0 0 20 9
15 2 0 15 0 19 1 3 13 17 0 0 10 9
0 0 0 0 14 6 4 13 12 3 20 10 0 0
4 17 19 7 16 18 3 17 3 1 9 9 0 0
14
0 0 170 464 661 840 213 0 478 457 755 7 498 0
0 0 96 955 266 362 99 145 0 56 928 0 819 0
170 96 0 0 400 585 437 138 518 828 541 0 37 0
464 955 0 0 937 884 704 14 979 739 827 921 707 6
661 266 400 937 0 0 454 111 93 0 944 765 286 233
840 362 585 884 0 0 186 0 940 951 0 622 0 128
213 99 437 704 454 186 0 545 0 0 0 0 0 389
0 145 138 14 111 0 545 0 31 357 202 0 0 0
478 0 518 979 93 940 0 31 0 0 969 0 802 853
457 56 828 739 0 951 0 357 0 0 180 979 0 655
755 928 541 827 944 0 0 202 969 180 0 0 892 0
7 0 0 921 765 622 0 0 0 979 0 0 396 245
498 819 37 707 286 0 0 0 802 0 892 396 0 203
0 0 0 6 233 128 389 0 853 655 0 245 203 0
7
0 304 848 272 410 513 419
304 0 0 0 421 0 758
848 0 0 724 190 201 940
272 0 724 0 694 0 0
410 421 190 694 0 0 0
513 0 201 0 0 0 618
419 758 940 0 0 618 0
12
0 6 0 10 0 0 0 5 0 0 9 0
6 0 0 8 0 0 0 3 0 0 2 0
0 0 0 0 0 10 0 0 0 1 0 0
10 8 0 0 0 0 0 6 0 0 9 0
0 0 0 0 0 0 0 0 0 0 0 0
0 0 10 0 0 0 0 0 0 1 0 0
0 0 0 0 0 0 0 0 0 0 0 0
5 3 0 6 0 0 0 0 0 0 5 0
0 0 0 0 0 0 0 0 0 0 0 8
0 0 1 0 0 1 0 0 0 0 0 0
9 2 0 9 0 0 0 5 0 0 0 0
0 0 0 0 0 0 0 0 8 0 0 0
13
0 0 0 6 5 8 4 13 17 13 15 7 17
0 0 19 19 1 0 8 0 3 11 4 12 3
0 19 0 2 14 0 18 20 13 0 13 17 18
6 19 2 0 4 15 13 0 0 4 12 0 2
5 1 14 4 0 0 2 3 10 2 7 8 10
8 0 0 15 0 0 8 12 0 3 18 3 14
4 8 18 13 2 8 0 5 9 5 2 18 0
13 0 20 0 3 12 5 0 14 7 6 9 4
17 3 13 0 10 0 9 14 0 18 5 12 10
13 11 0 4 2 3 5 7 18 0 15 5 0
15 4 13 12 7 18 2 6 5 15 0 0 7
7 12 17 0 8 3 18 9 12 5 0 0 12
17 3 18 2 10 14 0 4 10 0 7 12 0
9
0 0 0 11 0 7 10 0 3
0 0 0 10 8 0 0 9 6
0 0 0 1 0 0 11 0 8
11 10 1 0 14 0 10 9 3
0 8 0 14 0 0 0 0 2
7 0 0 0 0 0 2 14 15
10 0 11 10 0 2 0 0 7
0 9 0 9 0 14 0 0 5
3 6 8 3 2 15 7 5 0
13
0 211 211 211 211 211 211 211 211 211 211 211 211
211 0 211 211 211 211 211 211 211 211 211 211 211
211 211 0 211 211 211 211 211 211 211 211 211 211
211 211 211 0 211 211 211 211 211 211 211 211 211
211 211 211 211 0 211 211 211 211 211 211 211 211
211 211 211 211 211 0 211 211 211 211 211 211 211
211 211 211 211 211 211 0 211 211 211 211 211 211
211 211 211 211 211 211 211 0 211 211 211 211 211
211 211 211 211 211 211 211 211 0 211 211 211 211
211 211 211 211 211 211 211 211 211 0 211 211 211
211 211 211 211 211 211 211 211 211 211 0 211 211
211 211 211 211 211 211 211 211 211 211 211 0 211
211 211 211 211 211 211 211 211 211 211 211 211 0
11
0 3 15 13 8 13 3 0 0 16 10
3 0 15 8 11 7 12 6 5 0 5
15 15 0 0 14 3 20 4 5 2 8
13 8 0 0 19 0 13 14 8 1 18
8 11 14 19 0 20 0 18 0 3 15
13 7 3 0 20 0 0 18 18 0 12
3 12 20 13 0 0 0 0 1 6 6
0 6 4 14 18 18 0 0 0 17 17
0 5 5 8 0 18 1 0 0 8 2
16 0 2 1 3 0 6 17 8 0 2
10 5 8 18 15 12 6 17 2 2 0
13
0 2 6 0 0 4 11 0 0 6 7 15 18
2 0 0 1 18 11 4 11 20 17 8 2 19
6 0 0 7 0 17 19 9 0 5 20 10 14
0 1 7 0 0 9 0 5 19 1 19 10 17
0 18 0 0 0 0 11 9 0 14 15 0 12
4 11 17 9 0 0 3 7 14 11 0 2 16
11 4 19 0 11 3 0 0 7 7 20 0 10
0 11 9 5 9 7 0 0 12 18 0 0 0
0 20 0 19 0 14 7 12 0 18 19 2 4
6 17 5 1 14 11 7 18 18 0 1 14 12
7 8 20 19 15 0 20 0 19 1 0 6 11
15 2 10 10 0 2 0 0 2 14 6 0 8
18 19 14 17 12 16 10 0 4 12 11 8 0
10
0 687 852 0 693 738 0 0 0 237
687 0 531 856 0 935 796 72 977 392
852 531 0 341 0 0 905 454 180 450
0 856 341 0 977 247 107 0 786 0
693 0 0 977 0 0 0 804 495 43
738 935 0 247 0 0 860 0 0 0
0 796 905 107 0 860 0 432 45 682
0 72 454 0 804 0 432 0 361 895
0 977 180 786 495 0 45 361 0 629
237 392 450 0 43 0 682 895 629 0
10
0 0 16 3 7 4 8 0 8 9
0 0 0 20 0 4 4 19 0 6
16 0 0 3 1 6 0 0 0 16
3 20 3 0 7 7 18 0 10 8
7 0 1 7 0 11 9 19 7 0
4 4 6 7 11 0 14 17 2 0
8 4 0 18 9 14 0 12 5 20
0 19 0 0 19 17 12 0 0 0
8 0 0 10 7 2 5 0 0 6
9 6 16 8 0 0 20 0 6 0
15
0 1 2 3 4 5 6 7 8 9 10 11 12 13 14
1 0 15 16 17 18 19 20 21 22 23 24 25 26 27
2 15 0 28 29 30 31 32 33 34 35 36 37 38 39
3 16 28 0 40 41 42 43 44 45 46 47 48 49 50
4 17 29 40 0 51 52 53 54 55 56 57 58 59 60
5 18 30 41 51 0 61 62 63 64 65 66 67 68 69
6 19 31 42 52 61 0 70 71 72 73 74 75 76 77
7 20 32 43 53 62 70 0 78 79 80 81 82 83 84
8 21 33 44 54 63 71 78 0 85 86 87 88 89 90
9 22 34 45 55 64 72 79 85 0 91 92 93 94 95
10 23 35 46 56 65 73 80 86 91 0 96 97 98 99
11 24 36 47 57 66 74 81 87 92 96 0 100 101 102
12 25 37 48 58 67 75 82 88 93 97 100 0 103 104
13 26 38 49 59 68 76 83 89 94 98 101 103 0 105
14 27 39 50 60 69 77 84 90 95 99 102 104 105 0
11
0 16 0 10 6 18 6 8 12 3 5
16 0 0 2 8 20 15 19 14 3 11
0 0 0 0 4 6 0 13 0 14 5
10 2 0 0 10 2 3 0 18 0 4
6 8 4 10 0 12 19 1 0 0 0
18 20 6 2 12 0 0 0 3 1 5
6 15 0 3 19 0 0 0 0 14 1
8 19 13 0 1 0 0 0 0 5 0
12 14 0 18 0 3 0 0 0 6 0
3 3 14 0 0 1 14 5 6 0 8
5 11 5 4 0 5 1 0 0 8 0
14
0 920 0 769 895 864 297 644 112 812 562 793 0 341
920 0 737 961 790 0 0 914 275 761 820 37 58 170
0 737 0 229 481 0 107 779 0 0 137 857 648 180
769 961 229 0 406 515 986 345 0 469 331 0 0 0
895 790 481 406 0 301 877 0 840 568 0 0 471 340
864 0 0 515 301 0 565 0 663 0 562 0 432 682
297 0 107 986 877 565 0 0 745 207 944 0 820 426
644 914 779 345 0 0 0 0 977 97 374 193 24 0
112 275 0 0 840 663 745 977 0 227 262 0 0 866
812 761 0 469 568 0 207 97 227 0 164 694 0 313
562 820 137 331 0 562 944 374 262 164 0 0 297 60
793 37 857 0 0 0 0 193 0 694 0 0 583 330
0 58 648 0 471 432 820 24 0 0 297 583 0 358
341 170 180 0 340 682 426 0 866 313 60 330 358 0
9
0 0 18 0 0 12 2 4 0
0 0 4 13 0 0 6 5 1
18 4 0 7 0 5 9 15 10
0 13 7 0 0 0 9 20 5
0 0 0 0 0 18 15 7 16
12 0 5 0 18 0 1 13 11
2 6 9 9 15 1 0 18 4
4 5 15 20 7 13 18 0 0
0 1 10 5 16 11 4 0 0
15
0 6 0 6 0 0 0 0 6 0 0 0 0 0 0
6 0 0 9 0 0 0 0 4 0 0 0 0 0 0
0 0 0 0 0 0 0 0 0 0 0 0 0 0 0
6 9 0 0 0 0 0 0 6 0 0 0 0 0 0
0 0 0 0 0 8 0 0 0 7 0 0 0 2 0
0 0 0 0 8 0 0 0 0 7 0 0 0 8 0
0 0 0 0 0 0 0 5 0 0 0 0 10 0 0
0 0 0 0 0 0 5 0 0 0 0 0 6 0 0
6 4 0 6 0 0 0 0 0 0 0 0 0 0 0
0 0 0 0 7 7 0 0 0 0 0 0 0 1 0
0 0 0 0 0 0 0 0 0 0 0 0 0 0 0
0 0 0 0 0 0 0 0 0 0 0 0 0 0 9
0 0 0 0 0 0 10 6 0 0 0 0 0 0 0
0 0 0 0 2 8 0 0 0 1 0 0 0 0 0
0 0 0 0 0 0 0 0 0 0 0 9 0 0 0
13
0 356 767 274 308 749 607 233 57 348 0 170 719
356 0 329 198 0 0 0 682 0 803 858 746 7
767 329 0 197 0 590 92 0 818 35 0 734 861
274 198 197 0 547 404 167 463 0 417 0 196 595
308 0 0 547 0 774 411 0 865 361 428 13 0
749 0 590 404 774 0 379 0 142 13 335 655 0
607 0 92 167 411 379 0 169 691 72 376 788 886
233 682 0 463 0 0 169 0 309 0 666 251 815
57 0 818 0 865 142 691 309 0 131 0 69 0
348 803 35 417 361 13 72 0 131 0 908 906 0
0 858 0 0 428 335 376 666 0 908 0 479 617
170 746 734 196 13 655 788 251 69 906 479 0 260
719 7 861 595 0 0 886 815 0 0 617 260 0
7
0 15 4 13 10 7 13
15 0 0 5 4 9 4
4 0 0 7 5 6 10
13 5 7 0 13 0 8
10 4 5 13 0 0 0
7 9 6 0 0 0 6
13 4 10 8 0 6 0
10
0 9 0 2 0 7 8 0 17 9
9 0 0 10 12 3 2 18 15 0
0 0 0 3 6 4 18 15 20 6
2 10 3 0 0 0 18 14 14 10
0 12 6 0 0 10 9 12 0 9
7 3 4 0 10 0 1 2 0 0
8 2 18 18 9 1 0 12 13 4
0 18 15 14 12 2 12 0 0 13
17 15 20 14 0 0 13 0 0 11
9 0 6 10 9 0 4 13 11 0
13
0 9 0 0 0 0 5 0 0 0 0 0 0
9 0 0 0 0 0 10 0 0 0 0 0 0
0 0 0 0 0 0 0 0 0 0 0 0 0
0 0 0 0 8 0 0 0 0 0 0 0 0
0 0 0 8 0 0 0 0 0 0 0 0 0
0 0 0 0 0 0 0 8 8 0 0 0 3
5 10 0 0 0 0 0 0 0 0 0 0 0
0 0 0 0 0 8 0 0 8 0 0 0 4
0 0 0 0 0 8 0 8 0 0 0 0 9
0 0 0 0 0 0 0 0 0 0 0 0 0
0 0 0 0 0 0 0 0 0 0 0 1 0
0 0 0 0 0 0 0 0 0 0 1 0 0
0 0 0 0 0 3 0 4 9 0 0 0 0
9
0 0 0 0 0 193 833 832 619
0 0 350 45 0 475 977 747 523
0 350 0 869 402 0 0 0 0
0 45 869 0 404 415 0 133 263
0 0 402 404 0 0 654 432 268
193 475 0 415 0 0 737 858 0
833 977 0 0 654 737 0 698 18
832 747 0 133 432 858 698 0 0
619 523 0 263 268 0 18 0 0
10
0 17 5 0 6 8 5 13 6 7
17 0 4 0 11 0 15 8 0 19
5 4 0 16 0 11 14 12 8 13
0 0 16 0 0 17 9 14 8 14
6 11 0 0 0 0 11 4 5 2
8 0 11 17 0 0 17 0 13 18
5 15 14 9 11 17 0 19 6 14
13 8 12 14 4 0 19 0 7 16
6 0 8 8 5 13 6 7 0 0
7 19 13 14 2 18 14 16 0 0
10
0 935 55 523 947 0 0 519 655 310
935 0 450 863 262 945 200 0 0 50
55 450 0 662 906 773 500 106 457 428
523 863 662 0 436 464 779 605 0 273
947 262 906 436 0 0 499 895 0 471
0 945 773 464 0 0 830 364 987 751
0 200 500 779 499 830 0 289 0 835
519 0 106 605 895 364 289 0 830 200
655 0 457 0 0 987 0 830 0 596
310 50 428 273 471 751 835 200 596 0
15
0 0 970 840 195 87 187 908 792 670 428 133 0 461 829
0 0 483 0 227 516 217 325 54 0 0 120 696 0 552
970 483 0 857 0 210 355 0 277 0 820 0 0 0 0
840 0 857 0 0 851 505 0 414 749 948 381 0 596 853
195 227 0 0 0 0 640 0 212 129 502 61 733 718 423
87 516 210 851 0 0 472 625 0 212 806 274 120 0 90
187 217 355 505 640 472 0 846 895 549 0 0 130 0 616
908 325 0 0 0 625 846 0 156 579 386 135 359 0 626
792 54 277 414 212 0 895 156 0 638 584 817 190 765 940
670 0 0 749 129 212 549 579 638 0 204 847 392 698 73
428 0 820 948 502 806 0 386 584 204 0 705 797 0 456
133 120 0 381 61 274 0 135 817 847 705 0 0 0 0
0 696 0 0 733 120 130 359 190 392 797 0 0 208 948
461 0 0 596 718 0 0 0 765 698 0 0 208 0 827
829 552 0 853 423 90 616 626 940 73 456 0 948 827 0
7
0 10 16 11 5 0 19
10 0 0 20 18 8 0
16 0 0 2 12 18 0
11 20 2 0 12 16 4
5 18 12 12 0 0 0
0 8 18 16 0 0 1
19 0 0 4 0 1 0
13
0 178 107 466 64 0 0 920 385 37 149 26 0
178 0 851 43 163 0 540 0 939 483 143 752 0
107 851 0 484 275 462 0 0 265 838 0 471 0
466 43 484 0 724 987 0 741 542 0 0 9 48
64 163 275 724 0 683 6 73 0 764 0 421 216
0 0 462 987 683 0 900 239 437 835 157 0 666
0 540 0 0 6 900 0 774 772 0 975 97 0
920 0 0 741 73 239 774 0 962 0 857 979 950
385 939 265 542 0 437 772 962 0 579 29 7 603
37 483 838 0 764 835 0 0 579 0 96 372 507
149 143 0 0 0 157 975 857 29 96 0 0 149
26 752 471 9 421 0 97 979 7 372 0 0 922
0 0 0 48 216 666 0 950 603 507 149 922 0
15
0 697 697 697 697 697 697 697 697 697 697 697 697 697 697
697 0 697 697 697 697 697 697 697 697 697 697 697 697 697
697 697 0 697 697 697 697 697 697 697 697 697 697 697 697
697 697 697 0 697 697 697 697 697 697 697 697 697 697 697
697 697 697 697 0 697 697 697 697 697 697 697 697 697 697
697 697 697 697 697 0 697 697 697 697 697 697 697 697 697
697 697 697 697 697 697 0 697 697 697 697 697 697 697 697
697 697 697 697 697 697 697 0 697 697 697 697 697 697 697
697 697 697 697 697 697 697 697 0 697 697 697 697 697 697
697 697 697 697 697 697 697 697 697 0 697 697 697 697 697
697 697 697 697 697 697 697 697 697 697 0 697 697 697 697
697 697 697 697 697 697 697 697 697 697 697 0 697 697 697
697 697 697 697 697 697 697 697 697 697 697 697 0 697 697
697 697 697 697 697 697 697 697 697 697 697 697 697 0 697
697 697 697 697 697 697 697 697 697 697 697 697 697 697 0
9
0 719 0 903 869 919 36 685 603
719 0 989 51 639 271 293 0 896
0 989 0 512 993 107 622 484 155
903 51 512 0 281 498 236 295 482
869 639 993 281 0 408 88 535 193
919 271 107 498 408 0 377 0 635
36 293 622 236 88 377 0 967 533
685 0 484 295 535 0 967 0 499
603 896 155 482 193 635 533 499 0
7
0 15 0 16 16 18 6
15 0 18 2 1 0 11
0 18 0 12 1 11 1
16 2 12 0 9 0 16
16 1 1 9 0 9 13
18 0 11 0 9 0 17
6 11 1 16 13 17 0
13
0 13 0 5 6 12 0 6 16 17 0 8 9
13 0 0 0 5 0 2 13 2 0 0 17 0
0 0 0 11 6 0 2 6 0 15 0 0 15
5 0 11 0 0 9 0 3 6 10 5 7 12
6 5 6 0 0 0 0 0 14 6 13 10 16
12 0 0 9 0 0 0 14 14 10 6 1 11
0 2 2 0 0 0 0 4 1 0 14 17 0
6 13 6 3 0 14 4 0 11 19 16 0 14
16 2 0 6 14 14 1 11 0 19 0 9 20
17 0 15 10 6 10 0 19 19 0 17 0 20
0 0 0 5 13 6 14 16 0 17 0 14 8
8 17 0 7 10 1 17 0 9 0 14 0 4
9 0 15 12 16 11 0 14 20 20 8 4 0
10
0 18 14 5 19 1 19 17 12 18
18 0 0 8 0 3 2 10 14 12
14 0 0 0 0 0 19 11 18 5
5 8 0 0 13 20 8 12 13 10
19 0 0 13 0 20 20 2 19 2
1 3 0 20 20 0 19 0 0 14
19 2 19 8 20 19 0 12 9 10
17 10 11 12 2 0 12 0 0 10
12 14 18 13 19 0 9 0 0 18
18 12 5 10 2 14 10 10 18 0
11
0 0 0 4 19 12 16 18 10 12 0
0 0 0 11 7 0 7 13 19 8 3
0 0 0 2 0 9 9 18 9 0 20
4 11 2 0 18 0 14 11 0 0 15
19 7 0 18 0 3 14 16 9 20 0
12 0 9 0 3 0 1 5 17 9 7
16 7 9 14 14 1 0 2 19 10 7
18 13 18 11 16 5 2 0 0 15 16
10 19 9 0 9 17 19 0 0 13 6
12 8 0 0 20 9 10 15 13 0 0
0 3 20 15 0 7 7 16 6 0 0
11
0 5 1 11 0 0 11 15 0 9 20
5 0 20 20 7 4 11 6 14 14 17
1 20 0 4 9 15 9 0 10 0 10
11 20 4 0 0 2 19 5 18 1 0
0 7 9 0 0 0 4 15 1 12 0
0 4 15 2 0 0 19 1 8 16 20
11 11 9 19 4 19 0 0 9 0 17
15 6 0 5 15 1 0 0 17 4 9
0 14 10 18 1 8 9 17 0 2 0
9 14 0 1 12 16 0 4 2 0 5
20 17 10 0 0 20 17 9 0 5 0
12
0 6 7 3 7 5 1 1 4 9 4 3
6 0 4 10 4 1 1 6 9 6 9 6
7 4 0 9 6 7 2 2 5 9 10 8
3 10 9 0 10 7 6 4 3 1 7 5
7 4 6 10 0 6 5 8 10 10 9 3
5 1 7 7 6 0 3 1 9 1 9 7
1 1 2 6 5 3 0 6 9 4 4 10
1 6 2 4 8 1 6 0 7 10 1 6
4 9 5 3 10 9 9 7 0 8 2 4
9 6 9 1 10 1 4 10 8 0 5 5
4 9 10 7 9 9 4 1 2 5 0 6
3 6 8 5 3 7 10 6 4 5 6 0
8
0 6 12 0 0 6 17 0
6 0 0 13 4 2 19 7
12 0 0 10 1 11 10 0
0 13 10 0 6 9 6 19
0 4 1 6 0 10 15 1
6 2 11 9 10 0 13 20
17 19 10 6 15 13 0 14
0 7 0 19 1 20 14 0
11
0 0 0 0 0 0 7 0 0 7 0
0 0 0 10 0 0 0 0 0 0 1
0 0 0 0 0 0 0 0 2 0 0
0 10 0 0 0 0 0 0 0 0 9
0 0 0 0 0 7 0 0 0 0 0
0 0 0 0 7 0 0 0 0 0 0
7 0 0 0 0 0 0 0 0 10 0
0 0 0 0 0 0 0 0 0 0 0
0 0 2 0 0 0 0 0 0 0 0
7 0 0 0 0 0 10 0 0 0 0
0 1 0 9 0 0 0 0 0 0 0
7
0 7 10 9 16 17 0
7 0 20 0 15 9 1
10 20 0 18 0 20 18
9 0 18 0 4 0 0
16 15 0 4 0 16 16
17 9 20 0 16 0 12
0 1 18 0 16 12 0
15
0 841 541 311 35 921 342 262 685 151 184 189 885 455 295
841 0 11 30 427 325 756 404 14 402 158 999 298 612 696
541 11 0 965 822 39 12 15 579 322 49 851 15 663 888
311 30 965 0 517 846 428 402 653 74 764 682 500 440 437
35 427 822 517 0 256 453 191 765 452 488 377 499 452 550
921 325 39 846 256 0 537 815 916 467 489 965 317 855 627
342 756 12 428 453 537 0 556 372 824 335 125 476 409 240
262 404 15 402 191 815 556 0 158 908 679 946 515 131 136
685 14 579 653 765 916 372 158 0 280 934 623 8 432 427
151 402 322 74 452 467 824 908 280 0 909 968 241 825 786
184 158 49 764 488 489 335 679 934 909 0 81 789 455 936
189 999 851 682 377 965 125 946 623 968 81 0 767 10 307
885 298 15 500 499 317 476 515 8 241 789 767 0 590 345
455 612 663 440 452 855 409 131 432 825 455 10 590 0 783
295 696 888 437 550 627 240 136 427 786 936 307 345 783 0
10
0 6 20 12 9 1 19 20 0 6
6 0 0 15 20 0 16 0 17 0
20 0 0 1 15 11 0 2 7 13
12 15 1 0 16 12 7 10 0 9
9 20 15 16 0 1 0 14 11 0
1 0 11 12 1 0 15 5 7 17
19 16 0 7 0 15 0 0 8 7
20 0 2 10 14 5 0 0 13 0
0 17 7 0 11 7 8 13 0 13
6 0 13 9 0 17 7 0 13 0
14
0 1 2 3 4 5 6 7 8 9 10 11 12 13
1 0 14 15 16 17 18 19 20 21 22 23 24 25
2 14 0 26 27 28 29 30 31 32 33 34 35 36
3 15 26 0 37 38 39 40 41 42 43 44 45 46
4 16 27 37 0 47 48 49 50 51 52 53 54 55
5 17 28 38 47 0 56 57 58 59 60 61 62 63
6 18 29 39 48 56 0 64 65 66 67 68 69 70
7 19 30 40 49 57 64 0 71 72 73 74 75 76
8 20 31 41 50 58 65 71 0 77 78 79 80 81
9 21 32 42 51 59 66 72 77 0 82 83 84 85
10 22 33 43 52 60 67 73 78 82 0 86 87 88
11 23 34 44 53 61 68 74 79 83 86 0 89 90
12 24 35 45 54 62 69 75 80 84 87 89 0 91
13 25 36 46 55 63 70 76 81 85 88 90 91 0
10
0 9 6 0 14 2 9 16 0 3
9 0 0 20 1 7 5 0 6 15
6 0 0 14 7 7 6 12 0 2
0 20 14 0 0 8 18 0 0 2
14 1 7 0 0 17 15 1 8 19
2 7 7 8 17 0 19 5 0 2
9 5 6 18 15 19 0 0 7 0
16 0 12 0 1 5 0 0 14 13
0 6 0 0 8 0 7 14 0 7
3 15 2 2 19 2 0 13 7 0
14
0 0 0 0 10 0 0 0 5 0 0 0 5 0
0 0 0 0 0 10 0 0 0 6 0 0 0 1
0 0 0 0 0 0 3 0 0 0 7 0 0 0
0 0 0 0 0 0 0 4 0 0 0 1 0 0
10 0 0 0 0 0 0 0 7 0 0 0 3 0
0 10 0 0 0 0 0 0 0 8 0 0 0 2
0 0 3 0 0 0 0 0 0 0 2 0 0 0
0 0 0 4 0 0 0 0 0 0 0 6 0 0
5 0 0 0 7 0 0 0 0 0 0 0 7 0
0 6 0 0 0 8 0 0 0 0 0 0 0 8
0 0 7 0 0 0 2 0 0 0 0 0 0 0
0 0 0 1 0 0 0 6 0 0 0 0 0 0
5 0 0 0 3 0 0 0 7 0 0 0 0 0
0 1 0 0 0 2 0 0 0 8 0 0 0 0
12
0 0 535 145 575 397 809 557 87 0 0 0
0 0 677 907 744 989 489 127 119 0 268 0
535 677 0 0 0 238 689 333 0 144 992 0
145 907 0 0 625 904 694 725 0 900 421 790
575 744 0 625 0 406 876 764 527 272 441 260
397 989 238 904 406 0 243 942 338 872 937 759
809 489 689 694 876 243 0 967 297 690 0 0
557 127 333 725 764 942 967 0 828 722 400 714
87 119 0 0 527 338 297 828 0 786 895 158
0 0 144 900 272 872 690 722 786 0 418 350
0 268 992 421 441 937 0 400 895 418 0 671
0 0 0 790 260 759 0 714 158 350 671 0
14
0 0 0 0 0 0 0 0 7 0 0 6 0 0
0 0 0 0 9 0 0 0 0 0 0 0 0 0
0 0 0 0 0 4 4 0 0 4 0 0 0 0
0 0 0 0 0 0 0 0 0 0 10 0 0 4
0 9 0 0 0 0 0 0 0 0 0 0 0 0
0 0 4 0 0 0 3 0 0 3 0 0 0 0
0 0 4 0 0 3 0 0 0 10 0 0 0 0
0 0 0 0 0 0 0 0 0 0 0 0 0 0
7 0 0 0 0 0 0 0 0 0 0 10 0 0
0 0 4 0 0 3 10 0 0 0 0 0 0 0
0 0 0 10 0 0 0 0 0 0 0 0 0 7
6 0 0 0 0 0 0 0 10 0 0 0 0 0
0 0 0 0 0 0 0 0 0 0 0 0 0 0
0 0 0 4 0 0 0 0 0 0 7 0 0 0
7
0 19 4 6 10 0 17
19 0 16 14 14 3 18
4 16 0 15 17 2 17
6 14 15 0 15 5 9
10 14 17 15 0 6 4
0 3 2 5 6 0 14
17 18 17 9 4 14 0
15
0 637 838 32 877 0 128 847 0 291 146 776 108 0 61
637 0 511 240 0 0 320 840 595 0 545 801 285 137 0
838 511 0 123 85 564 54 94 879 455 157 612 0 0 549
32 240 123 0 0 640 0 780 0 0 460 0 0 592 0
877 0 85 0 0 25 499 631 146 0 716 377 592 0 20
0 0 564 640 25 0 965 995 736 383 650 427 392 663 0
128 320 54 0 499 965 0 553 353 0 931 237 100 649 439
847 840 94 780 631 995 553 0 474 0 204 114 0 908 230
0 595 879 0 146 736 353 474 0 115 335 753 548 951 698
291 0 455 0 0 383 0 0 115 0 391 0 693 706 500
146 545 157 460 716 650 931 204 335 391 0 0 892 821 469
776 801 612 0 377 427 237 114 753 0 0 0 80 888 754
108 285 0 0 592 392 100 0 548 693 892 80 0 0 27
0 137 0 592 0 663 649 908 951 706 821 888 0 0 436
61 0 549 0 20 0 439 230 698 500 469 754 27 436 0
15
0 0 0 0 0 0 0 0 0 0 0 0 0 0 0
0 0 0 0 0 0 0 0 0 0 0 0 0 0 0
0 0 0 0 0 0 0 0 0 0 0 0 0 0 0
0 0 0 0 0 0 0 0 0 0 0 0 0 0 0
0 0 0 0 0 0 0 0 0 0 0 0 0 0 0
0 0 0 0 0 0 0 0 0 0 0 0 0 0 0
0 0 0 0 0 0 0 0 0 0 0 0 0 0 0
0 0 0 0 0 0 0 0 0 0 0 0 0 0 0
0 0 0 0 0 0 0 0 0 0 0 0 0 0 0
0 0 0 0 0 0 0 0 0 0 0 0 0 0 0
0 0 0 0 0 0 0 0 0 0 0 0 0 0 0
0 0 0 0 0 0 0 0 0 0 0 0 0 0 0
0 0 0 0 0 0 0 0 0 0 0 0 0 0 0
0 0 0 0 0 0 0 0 0 0 0 0 0 0 0
0 0 0 0 0 0 0 0 0 0 0 0 0 0 0
9
0 583 320 859 88 50 73 0 570
583 0 308 83 380 0 0 62 625
320 308 0 911 554 515 18 197 0
859 83 911 0 205 661 837 648 763
88 380 554 205 0 194 424 0 0
50 0 515 661 194 0 0 307 0
73 0 18 837 424 0 0 26 127
0 62 197 648 0 307 26 0 98
570 625 0 763 0 0 127 98 0
15
0 3 12 0 9 0 8 6 2 0 0 1 7 2 15
3 0 17 15 15 14 2 7 11 7 13 13 4 11 0
12 17 0 19 0 10 14 10 9 3 17 5 16 6 10
0 15 19 0 6 5 13 4 19 15 9 3 7 13 0
9 15 0 6 0 3 7 5 17 1 0 1 0 0 0
0 14 10 5 3 0 4 12 13 0 12 17 20 3 18
8 2 14 13 7 4 0 2 17 0 15 0 16 5 10
6 7 10 4 5 12 2 0 17 6 0 16 2 16 0
2 11 9 19 17 13 17 17 0 19 14 8 11 10 0
0 7 3 15 1 0 0 6 19 0 10 16 6 16 0
0 13 17 9 0 12 15 0 14 10 0 0 0 0 9
1 13 5 3 1 17 0 16 8 16 0 0 9 14 0
7 4 16 7 0 20 16 2 11 6 0 9 0 1 7
2 11 6 13 0 3 5 16 10 16 0 14 1 0 18
15 0 10 0 0 18 10 0 0 0 9 0 7 18 0
12
0 7 132 756 895 872 442 284 614 901 867 333
7 0 655 245 352 238 684 150 600 195 244 656
132 655 0 167 778 653 873 337 487 898 296 524
756 245 167 0 673 302 8 780 196 231 222 479
895 352 778 673 0 197 122 697 529 128 942 233
872 238 653 302 197 0 365 625 734 964 820 977
442 684 873 8 122 365 0 971 338 754 623 562
284 150 337 780 697 625 971 0 442 462 811 738
614 600 487 196 529 734 338 442 0 337 483 391
901 195 898 231 128 964 754 462 337 0 344 263
867 244 296 222 942 820 623 811 483 344 0 587
333 656 524 479 233 977 562 738 391 263 587 0
13
0 0 0 0 10 7 0 0 0 0 0 0 0
0 0 0 0 0 0 0 0 0 0 0 0 0
0 0 0 0 0 0 0 0 0 0 0 0 7
0 0 0 0 0 0 0 0 4 0 0 0 0
10 0 0 0 0 4 0 0 0 0 0 0 0
7 0 0 0 4 0 0 0 0 0 0 0 0
0 0 0 0 0 0 0 6 0 1 6 10 0
0 0 0 0 0 0 6 0 0 2 2 2 0
0 0 0 4 0 0 0 0 0 0 0 0 0
0 0 0 0 0 0 1 2 0 0 9 8 0
0 0 0 0 0 0 6 2 0 9 0 8 0
0 0 0 0 0 0 10 2 0 8 8 0 0
0 0 7 0 0 0 0 0 0 0 0 0 0
15
0 18 2 20 1 9 0 17 0 7 0 7 0 0 0
18 0 5 16 0 5 0 18 19 15 0 4 4 4 16
2 5 0 10 16 7 13 5 0 5 13 9 8 11 7
20 16 10 0 18 0 11 16 14 0 0 6 8 0 0
1 0 16 18 0 18 0 4 4 11 19 0 15 20 13
9 5 7 0 18 0 20 9 2 13 12 10 0 6 2
0 0 13 11 0 20 0 1 15 15 0 9 0 15 8
17 18 5 16 4 9 1 0 0 0 10 10 0 7 16
0 19 0 14 4 2 15 0 0 5 12 6 0 14 0
7 15 5 0 11 13 15 0 5 0 12 8 8 0 0
0 0 13 0 19 12 0 10 12 12 0 2 15 14 0
7 4 9 6 0 10 9 10 6 8 2 0 1 16 15
0 4 8 8 15 0 0 0 0 8 15 1 0 0 2
0 4 11 0 20 6 15 7 14 0 14 16 0 0 0
0 16 7 0 13 2 8 16 0 0 0 15 2 0 0
13
0 0 7 6 0 7 14 3 4 0 12 10 9
0 0 0 0 14 6 12 0 16 17 2 12 17
7 0 0 6 4 0 20 20 0 6 16 6 15
6 0 6 0 7 19 15 18 8 0 1 14 16
0 14 4 7 0 3 0 7 11 0 0 11 0
7 6 0 19 3 0 6 1 9 0 4 16 14
14 12 20 15 0 6 0 3 0 0 16 18 7
3 0 20 18 7 1 3 0 0 12 0 10 11
4 16 0 8 11 9 0 0 0 9 3 9 1
0 17 6 0 0 0 0 12 9 0 14 10 0
12 2 16 1 0 4 16 0 3 14 0 19 0
10 12 6 14 11 16 18 10 9 10 19 0 0
9 17 15 16 0 14 7 11 1 0 0 0 0
